--- train_loss ---
0.1904,0.0840,0.0672,0.0628,0.0608,0.0595,0.0582,0.0575,0.0572,0.0564,0.0557,0.0551,0.0548,0.0548,0.0543,0.0542,0.0544,0.0535,0.0536,0.0532,0.0533,0.0531,0.0529,0.0526,0.0527,0.0523,0.0524,0.0522,0.0522,0.0523,0.0505,0.0497,0.0489

--- train_f1_score ---
0.3135,0.7741,0.8188,0.8281,0.8334,0.8370,0.8393,0.8411,0.8425,0.8439,0.8460,0.8472,0.8481,0.8485,0.8497,0.8499,0.8492,0.8519,0.8513,0.8530,0.8526,0.8531,0.8543,0.8547,0.8552,0.8562,0.8556,0.8555,0.8563,0.8558,0.8609,0.8632,0.8654

--- train_acc ---
0.1859,0.6315,0.6932,0.7067,0.7144,0.7197,0.7231,0.7258,0.7279,0.7300,0.7332,0.7350,0.7362,0.7369,0.7387,0.7390,0.7380,0.7420,0.7411,0.7436,0.7431,0.7438,0.7457,0.7462,0.7470,0.7486,0.7476,0.7475,0.7487,0.7479,0.7557,0.7593,0.7627

--- train_recall ---
0.2028,0.7207,0.7927,0.8068,0.8173,0.8220,0.8247,0.8254,0.8295,0.8294,0.8332,0.8346,0.8364,0.8360,0.8381,0.8381,0.8375,0.8410,0.8401,0.8435,0.8410,0.8421,0.8456,0.8442,0.8440,0.8466,0.8459,0.8448,0.8474,0.8454,0.8517,0.8555,0.8583

--- val_loss ---
0.1069,0.0675,0.0594,0.0567,0.0552,0.0539,0.0530,0.0516,0.0512,0.0505,0.0514,0.0496,0.0497,0.0490,0.0500,0.0489,0.0490,0.0481,0.0519,0.0485,0.0482,0.0479,0.0473,0.0473,0.0466,0.0484,0.0478,0.0470,0.0467,0.0458,0.0429,0.0419,0.0411

--- val_f1_score ---
0.7037,0.8408,0.8528,0.8545,0.8544,0.8593,0.8603,0.8726,0.8674,0.8718,0.8631,0.8748,0.8722,0.8753,0.8683,0.8739,0.8732,0.8798,0.8586,0.8732,0.8756,0.8762,0.8802,0.8780,0.8833,0.8728,0.8755,0.8850,0.8795,0.8846,0.8933,0.8966,0.8993

--- val_acc ---
0.5428,0.7253,0.7433,0.7459,0.7458,0.7532,0.7549,0.7740,0.7659,0.7727,0.7591,0.7775,0.7733,0.7782,0.7673,0.7761,0.7749,0.7855,0.7523,0.7749,0.7787,0.7797,0.7860,0.7826,0.7910,0.7742,0.7785,0.7938,0.7850,0.7930,0.8072,0.8126,0.8171

--- val_recall ---
0.5893,0.8098,0.8216,0.8194,0.8077,0.8192,0.8183,0.8686,0.8309,0.8458,0.8139,0.8586,0.8402,0.8533,0.8268,0.8467,0.8403,0.8704,0.7973,0.8343,0.8431,0.8489,0.8602,0.8494,0.8716,0.8307,0.8371,0.8922,0.8479,0.8710,0.8866,0.8966,0.9008

