--- train_loss ---
0.5140,0.3230,0.2613,0.2247,0.2006,0.1806,0.1611,0.1467,0.1361,0.1257,0.1187,0.1123,0.1074,0.1010,0.0960,0.0924,0.0894,0.0858,0.0835,0.0810,0.0787,0.0773,0.0752,0.0735,0.0726,0.0713,0.0701,0.0688,0.0675,0.0667,0.0673,0.0673,0.0673,0.0669,0.0668

--- train_f1_score ---
0.4351,0.7039,0.7578,0.7789,0.7885,0.7976,0.8044,0.8082,0.8103,0.8140,0.8150,0.8175,0.8185,0.8214,0.8252,0.8260,0.8271,0.8304,0.8293,0.8305,0.8317,0.8333,0.8334,0.8353,0.8354,0.8379,0.8375,0.8390,0.8406,0.8403,0.8403,0.8397,0.8388,0.8400,0.8389

--- train_acc ---
0.2780,0.5431,0.6101,0.6379,0.6509,0.6633,0.6728,0.6782,0.6811,0.6863,0.6878,0.6913,0.6928,0.6969,0.7024,0.7036,0.7051,0.7099,0.7083,0.7102,0.7119,0.7142,0.7143,0.7171,0.7174,0.7210,0.7204,0.7227,0.7250,0.7246,0.7245,0.7237,0.7223,0.7241,0.7225

--- train_recall ---
0.9613,0.9047,0.8760,0.8562,0.8431,0.8344,0.8250,0.8162,0.8106,0.8096,0.8068,0.8053,0.8047,0.8036,0.8076,0.8068,0.8067,0.8080,0.8054,0.8053,0.8064,0.8086,0.8068,0.8093,0.8083,0.8126,0.8127,0.8132,0.8158,0.8163,0.8269,0.8203,0.8161,0.8166,0.8148

--- val_loss ---
0.4439,0.3247,0.2571,0.2095,0.1880,0.1764,0.1531,0.1413,0.1305,0.1251,0.1117,0.1083,0.0971,0.0974,0.0978,0.0886,0.0840,0.0816,0.0802,0.0830,0.0789,0.0779,0.0773,0.0935,0.0750,0.0678,0.0737,0.0709,0.0694,0.0743,0.0670,0.0682,0.0724,0.0821,0.0658

--- val_f1_score ---
0.4939,0.5992,0.7669,0.7777,0.7800,0.7962,0.7965,0.7965,0.8105,0.8167,0.8136,0.8232,0.8326,0.8284,0.8179,0.8345,0.8465,0.8429,0.8390,0.8390,0.8457,0.8409,0.8473,0.8114,0.8397,0.8545,0.8379,0.8401,0.8417,0.8316,0.8442,0.8432,0.8356,0.8180,0.8502

--- val_acc ---
0.3280,0.4278,0.6219,0.6363,0.6393,0.6614,0.6618,0.6619,0.6814,0.6902,0.6857,0.6995,0.7133,0.7070,0.6919,0.7160,0.7339,0.7284,0.7226,0.7227,0.7326,0.7255,0.7351,0.6827,0.7237,0.7460,0.7210,0.7243,0.7267,0.7118,0.7304,0.7289,0.7176,0.6920,0.7394

--- val_recall ---
0.9515,0.9076,0.8481,0.7772,0.7789,0.8061,0.7862,0.7785,0.7809,0.7965,0.7750,0.7984,0.7977,0.7964,0.7809,0.8009,0.8317,0.8080,0.7976,0.8110,0.8283,0.8047,0.8241,0.7439,0.8081,0.8195,0.8003,0.7908,0.7948,0.7896,0.7935,0.7991,0.7899,0.7590,0.8112

