--- train_loss ---
0.4619,0.2429,0.1513,0.1180,0.1044,0.0984,0.0919,0.0891,0.0867,0.0850,0.0824,0.0812,0.0799,0.0791,0.0786,0.0782,0.0752,0.0758,0.0755,0.0747,0.0747,0.0745,0.0739,0.0734,0.0735,0.0720,0.0728,0.0727,0.0713,0.0715,0.0708,0.0690

--- train_f1_score ---
0.7050,0.8589,0.8666,0.8749,0.8783,0.8775,0.8830,0.8832,0.8853,0.8860,0.8895,0.8906,0.8915,0.8924,0.8922,0.8923,0.8972,0.8960,0.8969,0.8974,0.8970,0.8974,0.8980,0.8986,0.8988,0.9008,0.8995,0.9000,0.9017,0.9008,0.9015,0.9045

--- train_acc ---
0.5443,0.7526,0.7647,0.7776,0.7830,0.7818,0.7905,0.7909,0.7941,0.7953,0.8009,0.8027,0.8043,0.8057,0.8054,0.8056,0.8136,0.8116,0.8130,0.8139,0.8132,0.8139,0.8149,0.8158,0.8162,0.8195,0.8174,0.8181,0.8210,0.8195,0.8207,0.8256

--- train_recall ---
0.9532,0.8486,0.8500,0.8634,0.8734,0.8714,0.8763,0.8749,0.8809,0.8764,0.8823,0.8823,0.8842,0.8846,0.8844,0.8849,0.8902,0.8892,0.8909,0.8906,0.8900,0.8906,0.8915,0.8920,0.8928,0.8945,0.8927,0.8937,0.8955,0.8949,0.8898,0.8964

--- val_loss ---
0.3256,0.1758,0.1264,0.0982,0.0914,0.0803,0.0802,0.0731,0.0762,0.0735,0.0698,0.0630,0.0657,0.0626,0.0625,0.0594,0.0583,0.0591,0.0594,0.0586,0.0590,0.0555,0.0556,0.0557,0.0633,0.0541,0.0573,0.0566,0.0544,0.0601,0.0538,0.0530

--- val_f1_score ---
0.8788,0.8568,0.8717,0.9005,0.8870,0.9070,0.9153,0.9137,0.9154,0.9136,0.9112,0.9248,0.9203,0.9226,0.9235,0.9265,0.9289,0.9237,0.9251,0.9287,0.9266,0.9296,0.9305,0.9300,0.9101,0.9303,0.9281,0.9275,0.9300,0.9282,0.9314,0.9335

--- val_acc ---
0.7838,0.7495,0.7726,0.8191,0.7970,0.8298,0.8437,0.8411,0.8441,0.8409,0.8369,0.8602,0.8524,0.8564,0.8579,0.8631,0.8672,0.8582,0.8607,0.8670,0.8632,0.8684,0.8700,0.8691,0.8350,0.8697,0.8659,0.8648,0.8692,0.8659,0.8716,0.8753

--- val_recall ---
0.9057,0.7754,0.7975,0.8792,0.8264,0.9380,0.9251,0.9432,0.9054,0.9245,0.9088,0.9248,0.8992,0.9085,0.9205,0.9282,0.9339,0.9030,0.9062,0.9221,0.9339,0.9185,0.9325,0.9256,0.8551,0.9169,0.9087,0.9122,0.9101,0.9464,0.9184,0.9290

