--- train_loss ---
0.7331,0.4293,0.2180,0.1687,0.1520,0.1427,0.1380,0.1341,0.1317,0.1271,0.1247,0.1240,0.1230,0.1210,0.1202,0.1180,0.1161,0.1182,0.1156,0.1142,0.1130,0.1136,0.1109,0.1107,0.1135,0.1110,0.1094,0.1096,0.1102,0.1090,0.1066,0.1051,0.1045,0.1043

--- train_f1_score ---
0.4237,0.7905,0.8453,0.8601,0.8660,0.8702,0.8722,0.8743,0.8755,0.8791,0.8808,0.8811,0.8818,0.8835,0.8837,0.8857,0.8876,0.8852,0.8878,0.8888,0.8900,0.8892,0.8919,0.8920,0.8891,0.8915,0.8927,0.8927,0.8921,0.8930,0.8956,0.8970,0.8975,0.8977

--- train_acc ---
0.2688,0.6535,0.7321,0.7545,0.7636,0.7702,0.7734,0.7766,0.7785,0.7843,0.7870,0.7875,0.7887,0.7913,0.7917,0.7948,0.7979,0.7940,0.7983,0.7998,0.8019,0.8005,0.8048,0.8050,0.8004,0.8043,0.8062,0.8062,0.8052,0.8067,0.8109,0.8133,0.8141,0.8143

--- train_recall ---
0.9944,0.9430,0.8842,0.8780,0.8799,0.8824,0.8836,0.8837,0.8862,0.8883,0.8921,0.8909,0.8904,0.8923,0.8924,0.8958,0.8954,0.8929,0.8971,0.8967,0.8985,0.8968,0.9000,0.8990,0.8973,0.9000,0.8997,0.9011,0.9003,0.8997,0.9028,0.9043,0.9042,0.9036

--- val_loss ---
0.5990,0.2564,0.1583,0.1340,0.1224,0.1134,0.1150,0.1083,0.1027,0.1020,0.0944,0.0943,0.0925,0.0892,0.0911,0.0877,0.0893,0.0855,0.0842,0.0823,0.0828,0.0818,0.0790,0.0794,0.0794,0.0793,0.0774,0.0780,0.0768,0.0764,0.0742,0.0726,0.0737,0.0725

--- val_f1_score ---
0.7225,0.8620,0.8837,0.8893,0.8959,0.9005,0.8949,0.9016,0.9063,0.9060,0.9126,0.9123,0.9136,0.9163,0.9139,0.9172,0.9157,0.9191,0.9202,0.9216,0.9212,0.9221,0.9249,0.9242,0.9243,0.9240,0.9263,0.9251,0.9263,0.9253,0.9284,0.9300,0.9291,0.9301

--- val_acc ---
0.5655,0.7574,0.7916,0.8007,0.8114,0.8190,0.8098,0.8208,0.8287,0.8282,0.8392,0.8388,0.8410,0.8456,0.8414,0.8471,0.8445,0.8503,0.8521,0.8547,0.8538,0.8554,0.8604,0.8590,0.8592,0.8587,0.8627,0.8607,0.8628,0.8611,0.8665,0.8692,0.8676,0.8693

--- val_recall ---
0.9941,0.9310,0.9055,0.8681,0.8931,0.9208,0.8697,0.9457,0.8966,0.9361,0.9111,0.9150,0.9381,0.9160,0.9280,0.9115,0.8970,0.9184,0.9369,0.9217,0.9066,0.9448,0.9264,0.9380,0.9212,0.9300,0.9422,0.9118,0.9335,0.9336,0.9271,0.9292,0.9280,0.9297

